74
66
35
68
33
24
43
41
99
44
37
28
52
33
98
44
98
14
98
93
33
89
47
91
56
95
97
81
55
13
11
25
76
87
68
31
75
59
11
33
37
12
94
73
96
42
51
87
33
64
11
47
15
51
59
12
14
37
51
53
46
42
12
49
55
48
37
74
11
22
31
85
82
38
66
17
41
57
59
24
78
13
23
43
46
91
19
48
11
78
53
53
67
24
88
29
74
82
76
86
49
83
51
62
26
51
22
32
32
81
16
62
53
55
22
99
77
48
87
58
75
88
15
46
59
61
87
23
28
22
49
96
17
92
34
23
44
11
26
36
16
24
55
14
22
91
26
22
76
73
27
61
88
58
54
77
82
54
63
52
43
53
12
66
32
16
93
37
61
39
16
56
39
72
52
11
67
11
77
42
92
62
93
27
15
83
51
43
37
66
33
29
22
81
47
73
49
69
15
44
64
92
74
97
14
48
21
81
98
73
91
75
25
18
79
85
95
69
55
87
18
94
56
13
79
19
81
36
37
86
29
35
38
52
88
65
49
82
24
94
19
91
55
36
54
88
29
41
35
26
22
52
27
27
84
19
32
59
63
94
75
64
76
63
99
66
64
69
19
77
89
97
83
43
46
39
77
38
35
67
77
64
22
47
84
57
35
43
99
99
15
84
29
42
64
46
96
55
56
93
25
97
75
74
16
92
49
28
66
97
63
68
37
52
24
57
83
58
84
11
95
39
16
57
37
25
82
29
75
39
18
55
64
41
48
18
99
28
36
89
37
61
39
23
31
41
55
21
38
17
34
62
97
64
56
54
46
19
99
53
37
21
56
48
79
28
98
28
92
87
14
88
11
18
62
28
69
11
97
52
97
57
34
33
18
93
47
98
51
23
25
91
19
67
66
96
84
22
14
24
92
98
39
17
83
77
66
34
88
29
24
54
59
51
44
25
24
78
82
87
67
48
44
52
23
54
98
21
14
56
84
27
18
98
88
21
33
22
42
34
62
44
54
66
23
73
36
58
95
99
77
67
37
37
81
61
97
63
26
76
83
86
77
45
86
32
38
49
51
46
49
29
45
66
47
36
92
14
88
32
22
89
64
94
53
49
57
24
53
16
83
33
61
55
56
11
74
88
53
36
82
54
97
58
86
99
48
75
89
91
45
56
44
84
21
84
33
45
11
43
12
96
89
33
24
49
71
49
39
78
33
64
71
22
83
59
66
77
55
36
61
59
97
82
33
42
58
94
91
71
13
13
87
38
36
47
88
75
52
52
64
16
31
39
33
66
72
21
55
27
28
84
64
66
45
62
24
26
92
96
54
25
17
76
59
29
79
11
44
33
43
34
43
47
65
61
91
91
68
14
12
47
22
85
93
67
73
47
67
33
42
28
72
27
29
52
82
99
11
77
37
91
99
97
37
45
14
25
78
49
25
72
65
69
11
19
44
92
16
51
82
14
96
42
73
38
56
14
81
27
97
45
93
16
16
54
73
33
32
44
36
14
98
62
11
25
12
36
87
14
74
52
85
64
67
15
96
17
77
64
73
66
76
58
51
77
89
22
44
97
81
67
66
35
91
44
87
42
33
88
34
27
58
18
93
37
22
86
45
98
26
48
52
45
27
26
94
13
15
59
51
45
92
77
81
21
11
83
34
13
26
39
36
58
45
35
33
46
23
23
96
49
56
97
67
33
75
17
86
45
17
57
83
63
67
27
99
22
35
58
93
89
57
32
55
88
22
12
26
59
81
53
64
36
31
98
98
91
82
72
42
46
78
12
44
92
23
62
87
27
16
93
11
18
32
33
24
32
43
62
54
38
36
78
68
39
22
77
52
76
13
12
61
22
77
57
14
96
22
34
89
75
32
65
98
32
58
71
63
72
49
76
29
48
77
26
84
41
62
18
47
62
12
23
17
33
94
18
77
73
55
14
54
35
45
13
96
68
36
43
33
32
32
48
42
96
61
59
22
68
14
71
55
14
57
64
99
76
89
91
34
61
18
29
86
92
44
55
45
92
65
22
15
86
17
64
68
94
68
29
29
47
77
62
77
66
79
81
53
33
75
59
99
48
96
74
34
62
95
27
19
52
94
47
55
54
61
73
99
34
41
93
27
42
42
41
46
16
67
71
25
77
85
46
92
99
14
82
25
15
33
77
77
47
15
98
19
69
44
32
18
54
34
51
24
65
57
64
66
59
33
45
24
75
27
21
98
96
48
25
56
14
85
64
82
13
16
26
86
89
56
59
43
77
77
22
42
19
31
81
